4294967294,0
4294967279,117
4294967279,121
4294967279,120
4294967279,119
4294967279,118
4294967278,215
4294967278,322
4294967279,311
4294967279,129
4294967279,128
4294967279,127
4294967279,126
4294967279,125
4294967279,124
4294967279,123
4294967279,122
4294967278,321
4294967279,310
4294967278,320
4294967279,309
4294967278,319
4294967278,8
4294967278,7
4294967278,6
4294967278,5
4294967278,4
4294967279,132
4294967279,131
4294967279,130
4294967279,308
4294967278,318
4294967279,307
4294967278,317
4294967279,306
4294967278,207
4294967278,206
4294967278,205
4294967278,204
4294967278,203
4294967294,469
4294967278,202
4294967278,316
4294967294,75
4294967294,169
4294967294,174
4294967278,10
4294967278,9
4294967294,424
4294967278,315
4294967278,14
4294967278,13
4294967278,12
4294967278,11
4294967279,305
4294967278,314
4294967279,304
4294967278,313
4294967278,23
4294967278,22
4294967278,21
4294967278,20
4294967278,19
4294967278,18
4294967278,17
4294967278,16
4294967278,15
4294967278,312
4294967279,303
4294967278,311
4294967279,302
4294967278,310
4294967279,301
4294967278,193
4294967278,309
4294967279,300
4294967278,191
4294967278,38
4294967278,37
4294967278,36
4294967278,35
4294967278,34
4294967278,33
4294967278,32
4294967278,31
4294967278,30
4294967278,29
4294967278,28
4294967278,27
4294967278,26
4294967278,25
4294967278,24
4294967279,22
4294967279,19
4294967279,17
4294967279,16
4294967279,15
4294967279,14
4294967279,13
4294967278,308
4294967279,299
4294967279,260
4294967294,6
4294967278,307
4294967294,50
4294967294,43
4294967294,417
4294967294,18
4294967294,127
4294967294,126
4294967294,20
4294967294,13
4294967294,10
4294967294,967
4294967294,966
4294967294,965
4294967294,964
4294967294,963
4294967294,962
4294967294,961
4294967294,960
4294967294,918
4294967294,917
4294967294,916
4294967294,915
4294967294,914
4294967294,912
4294967294,911
4294967294,910
4294967294,909
4294967294,907
4294967294,905
4294967294,902
4294967294,901
4294967294,900
4294967294,899
4294967294,898
4294967294,421
4294967294,401
4294967294,190
4294967294,185
4294967294,182
4294967294,173
4294967294,170
4294967294,163
4294967294,162
4294967294,161
4294967278,132
4294967278,131
4294967278,130
4294967278,129
4294967278,128
4294967278,127
4294967278,126
4294967278,125
4294967278,124
4294967278,123
4294967278,122
4294967278,121
4294967278,120
4294967278,119
4294967278,118
4294967278,117
4294967278,116
4294967278,115
4294967278,114
4294967278,113
4294967278,112
4294967278,111
4294967278,110
4294967278,109
4294967278,108
4294967278,107
4294967278,106
4294967278,105
4294967278,104
4294967278,103
4294967278,102
4294967278,101
4294967278,100
4294967278,99
4294967278,98
4294967278,97
4294967278,96
4294967278,95
4294967278,94
4294967278,93
4294967278,92
4294967278,91
4294967278,90
4294967278,89
4294967278,87
4294967278,86
4294967278,85
4294967278,84
4294967278,83
4294967278,82
4294967278,81
4294967278,80
4294967278,79
4294967278,78
4294967278,77
4294967278,76
4294967278,75
4294967278,72
4294967278,70
4294967278,69
4294967278,68
4294967278,67
4294967278,66
4294967278,65
4294967278,64
4294967278,63
4294967278,62
4294967278,61
4294967278,60
4294967278,59
4294967278,58
4294967278,57
4294967278,56
4294967278,55
4294967278,54
4294967278,53
4294967278,52
4294967278,51
4294967278,50
4294967278,49
4294967278,48
4294967278,47
4294967278,46
4294967278,45
4294967278,44
4294967278,43
4294967278,42
4294967278,41
4294967278,40
4294967278,39
4294967279,21
4294967279,20
4294967279,18
4294967279,12
4294967279,11
4294967279,10
4294967279,9
4294967279,8
4294967279,7
4294967279,6
4294967279,5
4294967279,4
4294967294,93
4294967294,95
4294967278,188
4294967294,46
4294967294,1
4294967294,115
4294967294,112
4294967294,167
4294967294,175
4294967294,183
4294967294,176
4294967294,160
4294967294,104
4294967294,106
4294967294,166
4294967294,24
4294967294,384
4294967278,306
4294967278,74
4294967279,298
4294967278,305
4294967278,73
4294967279,297
4294967278,185
4294967294,81
4294967294,830
4294967294,829
4294967294,827
4294967294,942
4294967294,941
4294967294,939
4294967294,938
4294967294,933
4294967294,922
4294967294,436
4294967294,828
4294967294,60
